1117
184
405
232
305
463
3065
3069
466
142
252
125
146
182
301
3068
309
312
159
193
326
360
258
3073
336
3064
409
292
272
205
274
321
302
1207
287
1106
106
140
212
328
198
227
273
284
327
1118
1103
1138
947
442
165
246
104
158
239
224
105
261
330
324
454
459
3066
254
264
265
333
204
213
141
471
474
108
127
271
1107
313
296
266
1047
168
338
300
126
199
402
153
428
455
220
170
299
295
130
346
339
1137
131
109
1129
196
458
203
262
190
160
132
478
861
884
370
121
135
115
114
290
288
151
134
1110
332
335
195
1125
210
102
156
116
291
259
280
189
251
329
322
1122
3071
138
1121
161
404
325
467
1123
1108
247
319
457
285
294
231
427
1124
1104
181
3072
1113
178
206
257
316
462
1120
1109
133
3067
163
1116
221
307
407
413
417
421
452
157
113
117
174
186
188
155
3070
1105
101
183
191
137
169
173
202
238
249
308
315
344
416
450
464
1100